1 0 32bc169e-4d0b-4931-9b72-bf425ec7311b 1
2 0 32bc169e-4d0b-4931-9b72-bf425ec7311b 1
3 0 32bc169e-4d0b-4931-9b72-bf425ec7311b 1
4 0 32bc169e-4d0b-4931-9b72-bf425ec7311b 1
5 0 32bc169e-4d0b-4931-9b72-bf425ec7311b 1
11 0 74ae8556-feb0-4b84-a70e-9566acb8360b 1
12 0 74ae8556-feb0-4b84-a70e-9566acb8360b 1
13 0 d1e33a92-b428-4485-8741-17a9c835ed11 1
14 0 74ae8556-feb0-4b84-a70e-9566acb8360b 1
15 0 74ae8556-feb0-4b84-a70e-9566acb8360b 1
21 0 b47abafe-da27-4c97-b584-38b8683c959e 1
22 0 4bea4f9c-217e-42a8-afd3-beccd578adef 1
23 0 e86172af-5ce4-4d18-ad59-d067308435af 1
24 0 b427000c-6e89-482f-b5c3-d9cd7b7378ef 1
25 0 74ae8556-feb0-4b84-a70e-9566acb8360b 1
31 0 32bc169e-4d0b-4931-9b72-bf425ec7311b 1
32 0 32bc169e-4d0b-4931-9b72-bf425ec7311b 1
33 0 d7435944-319e-444d-9f9a-a4e8e3448367 1
34 0 32bc169e-4d0b-4931-9b72-bf425ec7311b 1
35 0 74ae8556-feb0-4b84-a70e-9566acb8360b 1
36 0 79b644e7-63a0-4614-8ee3-01fa572961e2 1
37 0 0d84670e-c1cb-4754-97e1-46f7e7fa9fe9 1
38 0 64731050-23e4-47e9-8551-b18fc07db8ce 1
39 0 4935851c-1fd2-42d7-9dd2-5ec69da22caa 1
40 0 281e3856-4b49-4ce3-b88b-5d4b8f31819f 1
