6 0 14b74e93-fc77-4f85-836c-347ca7772a8b 1
7 0 58ff50ed-9bf3-4388-9697-a120fd6b3223 1
8 0 b00dd409-bf8a-4916-ac9e-e66142c84fc8 1
9 0 262f0c3e-54d6-4d88-bcf4-d1dfac0b3546 1
10 0 14b74e93-fc77-4f85-836c-347ca7772a8b 1
16 0 58ff50ed-9bf3-4388-9697-a120fd6b3223 1
17 0 2b16ff5e-b7c3-4cc3-ab14-27fe08d65ce4 1
18 0 2b16ff5e-b7c3-4cc3-ab14-27fe08d65ce4 1
19 0 58ff50ed-9bf3-4388-9697-a120fd6b3223 1
20 0 2b16ff5e-b7c3-4cc3-ab14-27fe08d65ce4 1
26 0 c4734916-e02e-45c1-b6d6-de3f08f24b42 1
27 0 05e7e535-4243-4d8d-a41e-578276f8c0dc 1
28 0 85872dba-3e54-4c2e-8413-ed128f1cf809 1
29 0 58ff50ed-9bf3-4388-9697-a120fd6b3223 1
30 0 e37db5af-72e3-4ac7-8d2e-ec396bf9efde 1
41 0 09eaed5f-eaf3-4a26-9edb-a05ecc369035 1
42 0 262f0c3e-54d6-4d88-bcf4-d1dfac0b3546 1
43 0 14b74e93-fc77-4f85-836c-347ca7772a8b 1
44 0 e97662f2-39f2-4171-a295-56644dd958e6 1
45 0 89fc3afc-4917-436d-b0ff-c27d35f77d9a 1
46 0 58ff50ed-9bf3-4388-9697-a120fd6b3223 1
47 0 262f0c3e-54d6-4d88-bcf4-d1dfac0b3546 1
48 0 8a3760b7-c080-49c4-97fe-992f43a6dd41 1
49 0 89fc3afc-4917-436d-b0ff-c27d35f77d9a 1
50 0 14905af1-6c3b-49b8-8350-da0d21b7f13d 1
